# The 3,222 checkpoints snek2 measured in b45a-lowlr8-b29b_checkpoint_evals_vec.json,
# at 100 episodes each. Phase 2 measures the same steps for a row-for-row A/B.
1448000
1449000
1450000
1451000
1452000
1453000
1454000
1455000
1456000
1457000
1458000
1461000
1462000
1463000
1464000
1465000
1466000
1467000
1468000
1469000
1470000
1471000
1472000
1473000
1474000
1475000
1477000
1478000
1479000
1480000
1481000
1482000
1483000
1484000
1485000
1487000
1488000
1489000
1490000
1491000
1492000
1493000
1494000
1495000
1496000
1497000
1498000
1499000
1500000
1501000
1502000
1503000
1504000
1505000
1506000
1507000
1508000
1509000
1510000
1511000
1512000
1513000
1514000
1515000
1516000
1517000
1519000
1520000
1521000
1522000
1523000
1524000
1525000
1526000
1527000
1528000
1530000
1531000
1532000
1533000
1534000
1535000
1536000
1537000
1538000
1540000
1541000
1542000
1543000
1544000
1545000
1546000
1547000
1548000
1549000
1550000
1551000
1553000
1554000
1555000
1556000
1557000
1558000
1559000
1560000
1562000
1564000
1565000
1566000
1567000
1568000
1569000
1570000
1571000
1572000
1573000
1574000
1575000
1576000
1577000
1578000
1579000
1580000
1581000
1582000
1584000
1585000
1586000
1587000
1588000
1589000
1590000
1591000
1593000
1594000
1596000
1597000
1598000
1601000
1602000
1603000
1604000
1605000
1606000
1607000
1608000
1609000
1610000
1611000
1612000
1613000
1614000
1615000
1616000
1617000
1618000
1619000
1620000
1621000
1622000
1623000
1624000
1625000
1626000
1627000
1628000
1630000
1631000
1632000
1633000
1634000
1635000
1636000
1637000
1638000
1639000
1640000
1641000
1642000
1643000
1644000
1645000
1646000
1647000
1649000
1650000
1652000
1653000
1654000
1655000
1656000
1657000
1658000
1659000
1660000
1661000
1662000
1663000
1664000
1665000
1666000
1667000
1668000
1669000
1670000
1671000
1672000
1673000
1674000
1675000
1676000
1677000
1678000
1679000
1680000
1681000
1682000
1683000
1684000
1685000
1686000
1687000
1688000
1689000
1690000
1691000
1692000
1693000
1694000
1695000
1696000
1697000
1698000
1699000
1700000
1701000
1702000
1703000
1704000
1706000
1707000
1708000
1709000
1710000
1711000
1712000
1713000
1714000
1715000
1716000
1717000
1718000
1719000
1721000
1722000
1723000
1724000
1726000
1727000
1728000
1729000
1730000
1731000
1732000
1733000
1734000
1735000
1736000
1737000
1738000
1739000
1741000
1742000
1743000
1744000
1745000
1746000
1747000
1748000
1749000
1750000
1751000
1752000
1753000
1754000
1755000
1756000
1757000
1758000
1759000
1760000
1761000
1762000
1763000
1764000
1765000
1767000
1768000
1769000
1770000
1771000
1772000
1773000
1774000
1775000
1776000
1777000
1778000
1780000
1781000
1782000
1783000
1784000
1785000
1786000
1788000
1789000
1790000
1791000
1792000
1793000
1794000
1795000
1796000
1797000
1798000
1799000
1800000
1801000
1803000
1804000
1805000
1806000
1807000
1808000
1809000
1810000
1811000
1812000
1813000
1814000
1815000
1816000
1817000
1818000
1819000
1820000
1821000
1822000
1823000
1824000
1825000
1826000
1827000
1828000
1829000
1830000
1831000
1832000
1833000
1834000
1835000
1836000
1837000
1838000
1839000
1840000
1842000
1843000
1844000
1845000
1846000
1847000
1848000
1849000
1850000
1851000
1852000
1853000
1854000
1855000
1856000
1857000
1858000
1859000
1860000
1861000
1862000
1863000
1864000
1865000
1867000
1868000
1869000
1870000
1871000
1872000
1873000
1874000
1875000
1876000
1877000
1878000
1879000
1881000
1882000
1883000
1884000
1885000
1886000
1887000
1888000
1889000
1890000
1891000
1892000
1893000
1894000
1895000
1896000
1897000
1898000
1899000
1900000
1901000
1902000
1903000
1904000
1905000
1906000
1907000
1908000
1909000
1910000
1911000
1912000
1913000
1914000
1915000
1916000
1917000
1918000
1919000
1920000
1921000
1922000
1923000
1924000
1925000
1926000
1927000
1928000
1929000
1931000
1932000
1933000
1934000
1936000
1937000
1938000
1939000
1940000
1941000
1942000
1944000
1945000
1946000
1947000
1948000
1950000
1951000
1952000
1953000
1955000
1956000
1957000
1958000
1959000
1960000
1961000
1964000
1965000
1966000
1967000
1968000
1969000
1970000
1971000
1972000
1973000
1974000
1975000
1977000
1978000
1979000
1980000
1981000
1983000
1984000
1985000
1986000
1987000
1988000
1989000
1990000
1991000
1992000
1993000
1994000
1995000
1996000
1997000
1998000
1999000
2000000
2001000
2002000
2003000
2004000
2005000
2006000
2007000
2008000
2009000
2010000
2011000
2012000
2013000
2015000
2016000
2017000
2018000
2019000
2020000
2021000
2022000
2024000
2025000
2026000
2027000
2028000
2029000
2030000
2031000
2032000
2033000
2034000
2035000
2036000
2039000
2040000
2041000
2042000
2043000
2044000
2045000
2046000
2047000
2048000
2049000
2050000
2051000
2052000
2053000
2054000
2055000
2056000
2057000
2058000
2059000
2060000
2061000
2062000
2063000
2064000
2065000
2066000
2067000
2068000
2069000
2070000
2071000
2072000
2073000
2074000
2075000
2076000
2077000
2078000
2080000
2081000
2082000
2083000
2084000
2085000
2086000
2087000
2088000
2089000
2090000
2091000
2093000
2094000
2095000
2096000
2097000
2098000
2099000
2100000
2101000
2103000
2104000
2105000
2106000
2107000
2108000
2109000
2110000
2111000
2112000
2113000
2114000
2115000
2116000
2117000
2118000
2119000
2120000
2122000
2123000
2124000
2125000
2126000
2127000
2128000
2129000
2130000
2131000
2132000
2133000
2134000
2135000
2136000
2137000
2138000
2139000
2140000
2142000
2143000
2144000
2147000
2148000
2149000
2150000
2151000
2152000
2153000
2154000
2155000
2156000
2157000
2158000
2159000
2160000
2161000
2162000
2163000
2164000
2165000
2167000
2168000
2169000
2170000
2171000
2173000
2174000
2175000
2176000
2177000
2178000
2180000
2181000
2182000
2183000
2185000
2186000
2187000
2188000
2189000
2190000
2191000
2192000
2193000
2194000
2195000
2196000
2197000
2198000
2199000
2200000
2202000
2203000
2204000
2205000
2206000
2207000
2208000
2209000
2210000
2211000
2212000
2213000
2215000
2216000
2217000
2218000
2219000
2220000
2221000
2222000
2223000
2224000
2225000
2227000
2228000
2229000
2230000
2231000
2232000
2233000
2234000
2235000
2236000
2238000
2239000
2240000
2241000
2242000
2243000
2245000
2246000
2247000
2248000
2249000
2250000
2251000
2252000
2253000
2254000
2255000
2256000
2257000
2258000
2259000
2260000
2261000
2262000
2265000
2266000
2267000
2268000
2269000
2270000
2271000
2272000
2273000
2274000
2275000
2276000
2278000
2279000
2280000
2281000
2282000
2283000
2284000
2285000
2286000
2287000
2289000
2290000
2291000
2292000
2294000
2295000
2296000
2298000
2299000
2300000
2301000
2302000
2303000
2304000
2305000
2306000
2307000
2308000
2309000
2310000
2311000
2312000
2313000
2315000
2316000
2317000
2318000
2319000
2320000
2321000
2322000
2323000
2324000
2325000
2326000
2327000
2328000
2329000
2330000
2331000
2332000
2333000
2334000
2335000
2336000
2337000
2338000
2339000
2340000
2341000
2342000
2343000
2344000
2345000
2346000
2347000
2348000
2349000
2350000
2351000
2352000
2353000
2354000
2355000
2356000
2357000
2358000
2359000
2360000
2361000
2362000
2363000
2364000
2365000
2366000
2367000
2368000
2369000
2370000
2371000
2372000
2373000
2374000
2375000
2376000
2377000
2378000
2379000
2380000
2381000
2382000
2383000
2386000
2387000
2388000
2389000
2390000
2391000
2392000
2393000
2394000
2396000
2397000
2398000
2399000
2400000
2402000
2403000
2405000
2406000
2407000
2408000
2409000
2410000
2411000
2412000
2413000
2414000
2415000
2416000
2417000
2418000
2419000
2420000
2421000
2422000
2423000
2424000
2425000
2426000
2427000
2428000
2429000
2430000
2431000
2433000
2434000
2435000
2436000
2437000
2439000
2440000
2441000
2442000
2443000
2444000
2445000
2446000
2448000
2449000
2450000
2451000
2452000
2453000
2454000
2455000
2457000
2458000
2459000
2460000
2461000
2462000
2463000
2464000
2465000
2466000
2467000
2468000
2469000
2470000
2471000
2472000
2473000
2474000
2475000
2476000
2477000
2478000
2479000
2480000
2481000
2482000
2483000
2484000
2485000
2486000
2487000
2488000
2489000
2490000
2491000
2492000
2493000
2494000
2495000
2496000
2497000
2498000
2499000
2501000
2502000
2504000
2505000
2506000
2507000
2508000
2509000
2510000
2511000
2512000
2513000
2514000
2515000
2517000
2518000
2519000
2520000
2521000
2522000
2523000
2524000
2525000
2526000
2527000
2528000
2529000
2531000
2532000
2533000
2534000
2535000
2536000
2537000
2538000
2539000
2540000
2541000
2542000
2543000
2544000
2545000
2546000
2547000
2548000
2549000
2550000
2551000
2553000
2554000
2555000
2556000
2557000
2558000
2559000
2560000
2561000
2562000
2563000
2564000
2565000
2566000
2567000
2568000
2569000
2570000
2571000
2572000
2573000
2574000
2575000
2576000
2577000
2578000
2579000
2580000
2581000
2582000
2583000
2584000
2585000
2587000
2588000
2589000
2590000
2591000
2592000
2593000
2594000
2595000
2596000
2597000
2598000
2599000
2600000
2602000
2604000
2605000
2606000
2607000
2608000
2609000
2610000
2611000
2612000
2613000
2614000
2615000
2616000
2617000
2618000
2619000
2620000
2621000
2622000
2623000
2624000
2625000
2626000
2628000
2629000
2630000
2631000
2632000
2633000
2634000
2636000
2637000
2638000
2640000
2642000
2643000
2644000
2646000
2648000
2649000
2650000
2651000
2652000
2653000
2655000
2656000
2657000
2658000
2659000
2660000
2661000
2662000
2663000
2665000
2666000
2667000
2668000
2669000
2670000
2671000
2672000
2673000
2674000
2675000
2676000
2677000
2678000
2679000
2680000
2681000
2682000
2683000
2684000
2685000
2686000
2687000
2689000
2690000
2691000
2692000
2693000
2694000
2695000
2696000
2697000
2699000
2700000
2701000
2702000
2703000
2705000
2706000
2707000
2708000
2709000
2710000
2711000
2713000
2714000
2715000
2716000
2717000
2718000
2719000
2720000
2721000
2722000
2723000
2724000
2725000
2727000
2728000
2729000
2730000
2731000
2732000
2733000
2734000
2736000
2737000
2738000
2739000
2740000
2741000
2742000
2743000
2744000
2745000
2746000
2747000
2748000
2749000
2750000
2751000
2752000
2753000
2754000
2755000
2756000
2757000
2758000
2759000
2760000
2761000
2762000
2763000
2764000
2765000
2766000
2767000
2768000
2769000
2770000
2771000
2772000
2773000
2774000
2775000
2776000
2777000
2778000
2779000
2780000
2781000
2782000
2783000
2784000
2785000
2786000
2787000
2788000
2789000
2790000
2791000
2793000
2794000
2795000
2796000
2797000
2798000
2799000
2800000
2801000
2802000
2803000
2804000
2805000
2806000
2807000
2808000
2809000
2810000
2811000
2812000
2813000
2815000
2816000
2817000
2818000
2821000
2822000
2823000
2824000
2826000
2828000
2829000
2830000
2831000
2832000
2833000
2834000
2835000
2836000
2837000
2839000
2840000
2842000
2843000
2844000
2845000
2846000
2847000
2848000
2849000
2850000
2851000
2852000
2853000
2854000
2855000
2858000
2859000
2860000
2861000
2862000
2863000
2864000
2865000
2866000
2867000
2868000
2869000
2870000
2872000
2873000
2874000
2875000
2876000
2877000
2878000
2879000
2880000
2881000
2882000
2884000
2885000
2886000
2887000
2888000
2889000
2890000
2891000
2892000
2893000
2895000
2896000
2897000
2898000
2899000
2900000
2901000
2902000
2903000
2904000
2906000
2907000
2908000
2909000
2910000
2911000
2912000
2914000
2915000
2916000
2917000
2919000
2920000
2921000
2923000
2924000
2925000
2926000
2927000
2928000
2929000
2930000
2931000
2932000
2933000
2934000
2935000
2936000
2937000
2938000
2939000
2940000
2942000
2943000
2944000
2945000
2946000
2947000
2948000
2949000
2950000
2951000
2952000
2953000
2954000
2955000
2956000
2957000
2958000
2959000
2960000
2961000
2962000
2963000
2964000
2965000
2966000
2967000
2968000
2969000
2970000
2971000
2972000
2973000
2974000
2975000
2976000
2977000
2978000
2979000
2980000
2981000
2982000
2983000
2984000
2985000
2986000
2987000
2988000
2989000
2990000
2991000
2992000
2993000
2994000
2995000
2996000
2998000
2999000
3001000
3002000
3003000
3005000
3006000
3007000
3008000
3009000
3010000
3011000
3012000
3013000
3014000
3015000
3016000
3017000
3018000
3019000
3020000
3023000
3024000
3025000
3026000
3027000
3028000
3029000
3030000
3031000
3032000
3033000
3034000
3036000
3037000
3038000
3039000
3040000
3041000
3042000
3043000
3046000
3048000
3049000
3052000
3053000
3054000
3055000
3057000
3058000
3059000
3060000
3061000
3062000
3063000
3064000
3065000
3067000
3068000
3069000
3070000
3071000
3072000
3073000
3074000
3075000
3076000
3077000
3078000
3079000
3080000
3081000
3084000
3085000
3086000
3087000
3088000
3089000
3090000
3091000
3092000
3093000
3094000
3095000
3096000
3097000
3098000
3099000
3100000
3101000
3104000
3105000
3106000
3107000
3108000
3109000
3110000
3111000
3112000
3113000
3114000
3115000
3116000
3118000
3119000
3120000
3122000
3123000
3124000
3125000
3127000
3128000
3129000
3130000
3131000
3132000
3133000
3135000
3136000
3137000
3138000
3139000
3140000
3142000
3143000
3144000
3145000
3146000
3147000
3148000
3149000
3150000
3152000
3153000
3154000
3155000
3156000
3157000
3158000
3159000
3160000
3161000
3162000
3163000
3164000
3165000
3166000
3167000
3168000
3169000
3170000
3171000
3172000
3173000
3174000
3175000
3176000
3177000
3178000
3179000
3180000
3181000
3182000
3183000
3184000
3185000
3188000
3189000
3191000
3192000
3193000
3194000
3195000
3196000
3197000
3199000
3200000
3202000
3203000
3204000
3205000
3206000
3207000
3208000
3210000
3212000
3214000
3216000
3217000
3219000
3220000
3221000
3222000
3223000
3224000
3225000
3226000
3227000
3228000
3229000
3230000
3231000
3232000
3233000
3234000
3235000
3236000
3238000
3239000
3240000
3241000
3242000
3243000
3244000
3245000
3246000
3247000
3248000
3249000
3251000
3252000
3253000
3254000
3255000
3256000
3257000
3258000
3259000
3260000
3261000
3263000
3264000
3265000
3266000
3267000
3268000
3269000
3270000
3271000
3272000
3273000
3274000
3275000
3277000
3278000
3279000
3280000
3281000
3283000
3284000
3287000
3288000
3289000
3290000
3291000
3292000
3293000
3294000
3295000
3296000
3297000
3298000
3299000
3300000
3301000
3302000
3303000
3304000
3305000
3306000
3309000
3310000
3312000
3313000
3314000
3315000
3316000
3317000
3318000
3319000
3320000
3321000
3322000
3324000
3325000
3326000
3327000
3328000
3329000
3330000
3331000
3332000
3333000
3335000
3336000
3339000
3340000
3341000
3342000
3343000
3344000
3345000
3346000
3347000
3348000
3349000
3350000
3351000
3352000
3353000
3354000
3355000
3356000
3357000
3358000
3360000
3361000
3362000
3363000
3364000
3365000
3366000
3367000
3368000
3369000
3371000
3372000
3373000
3374000
3375000
3376000
3378000
3379000
3380000
3381000
3382000
3384000
3386000
3387000
3388000
3389000
3390000
3391000
3392000
3393000
3394000
3395000
3396000
3397000
3399000
3400000
3401000
3402000
3403000
3405000
3406000
3407000
3408000
3409000
3411000
3412000
3413000
3414000
3415000
3416000
3417000
3418000
3419000
3420000
3422000
3423000
3424000
3425000
3426000
3427000
3428000
3430000
3431000
3432000
3434000
3435000
3436000
3437000
3438000
3439000
3440000
3441000
3442000
3443000
3444000
3445000
3446000
3447000
3448000
3449000
3450000
3451000
3452000
3453000
3454000
3455000
3456000
3457000
3458000
3459000
3460000
3461000
3462000
3463000
3465000
3466000
3467000
3468000
3470000
3471000
3472000
3473000
3474000
3475000
3476000
3477000
3478000
3479000
3480000
3481000
3482000
3483000
3484000
3485000
3487000
3489000
3490000
3492000
3493000
3494000
3495000
3496000
3497000
3498000
3499000
3500000
3501000
3502000
3503000
3504000
3505000
3506000
3507000
3508000
3509000
3511000
3512000
3513000
3514000
3517000
3518000
3519000
3520000
3521000
3522000
3523000
3524000
3525000
3526000
3527000
3528000
3529000
3530000
3531000
3532000
3533000
3534000
3535000
3536000
3537000
3539000
3541000
3543000
3544000
3545000
3546000
3547000
3548000
3549000
3550000
3551000
3552000
3553000
3554000
3555000
3557000
3558000
3559000
3560000
3561000
3562000
3563000
3564000
3565000
3566000
3567000
3568000
3569000
3570000
3571000
3572000
3573000
3574000
3576000
3577000
3579000
3580000
3581000
3582000
3583000
3585000
3586000
3587000
3590000
3592000
3593000
3594000
3595000
3596000
3597000
3598000
3599000
3600000
3601000
3602000
3603000
3604000
3605000
3606000
3608000
3609000
3610000
3612000
3613000
3614000
3615000
3616000
3617000
3618000
3619000
3620000
3621000
3623000
3624000
3625000
3626000
3627000
3629000
3630000
3631000
3632000
3633000
3634000
3635000
3637000
3638000
3639000
3640000
3641000
3642000
3643000
3644000
3645000
3646000
3647000
3649000
3650000
3651000
3653000
3655000
3656000
3657000
3658000
3659000
3660000
3661000
3662000
3663000
3664000
3665000
3666000
3667000
3668000
3669000
3670000
3671000
3672000
3673000
3675000
3676000
3677000
3678000
3679000
3680000
3681000
3682000
3683000
3684000
3685000
3686000
3688000
3689000
3690000
3691000
3693000
3694000
3695000
3696000
3697000
3698000
3699000
3700000
3701000
3702000
3703000
3705000
3707000
3708000
3709000
3711000
3712000
3713000
3714000
3715000
3716000
3717000
3718000
3719000
3720000
3721000
3722000
3724000
3725000
3727000
3728000
3729000
3730000
3731000
3732000
3734000
3735000
3736000
3737000
3738000
3739000
3741000
3742000
3743000
3744000
3745000
3746000
3747000
3749000
3750000
3752000
3753000
3754000
3755000
3756000
3757000
3758000
3759000
3760000
3761000
3762000
3763000
3764000
3765000
3766000
3767000
3768000
3769000
3770000
3771000
3772000
3773000
3774000
3775000
3777000
3778000
3779000
3780000
3781000
3782000
3783000
3784000
3785000
3786000
3787000
3788000
3789000
3790000
3791000
3792000
3793000
3794000
3795000
3796000
3797000
3798000
3799000
3800000
3801000
3802000
3806000
3807000
3808000
3809000
3810000
3811000
3812000
3813000
3814000
3816000
3817000
3819000
3820000
3821000
3822000
3823000
3824000
3825000
3826000
3828000
3829000
3830000
3831000
3832000
3833000
3834000
3835000
3836000
3837000
3838000
3839000
3840000
3841000
3842000
3843000
3844000
3845000
3846000
3847000
3848000
3849000
3850000
3851000
3852000
3853000
3854000
3855000
3856000
3857000
3858000
3859000
3860000
3861000
3863000
3864000
3866000
3867000
3868000
3869000
3870000
3871000
3872000
3874000
3875000
3876000
3877000
3878000
3880000
3881000
3882000
3883000
3884000
3885000
3886000
3887000
3888000
3890000
3891000
3892000
3893000
3894000
3895000
3896000
3897000
3899000
3900000
3901000
3902000
3903000
3904000
3906000
3907000
3908000
3909000
3910000
3911000
3912000
3913000
3914000
3915000
3916000
3917000
3918000
3919000
3920000
3921000
3922000
3924000
3925000
3926000
3927000
3928000
3929000
3930000
3931000
3932000
3933000
3934000
3935000
3936000
3937000
3938000
3939000
3940000
3941000
3942000
3943000
3944000
3946000
3947000
3948000
3949000
3950000
3951000
3952000
3953000
3954000
3955000
3956000
3957000
3958000
3959000
3960000
3962000
3963000
3964000
3966000
3968000
3970000
3971000
3972000
3973000
3975000
3976000
3978000
3979000
3980000
3981000
3982000
3983000
3984000
3985000
3986000
3987000
3988000
3989000
3990000
3991000
3992000
3993000
3994000
3995000
3996000
3997000
3998000
3999000
4000000
4001000
4002000
4003000
4004000
4005000
4006000
4007000
4008000
4009000
4010000
4011000
4012000
4014000
4015000
4016000
4017000
4018000
4019000
4020000
4022000
4024000
4025000
4026000
4027000
4028000
4029000
4030000
4031000
4032000
4033000
4035000
4036000
4037000
4038000
4039000
4040000
4041000
4042000
4043000
4044000
4045000
4046000
4047000
4048000
4049000
4050000
4051000
4053000
4054000
4056000
4057000
4058000
4059000
4061000
4062000
4063000
4064000
4065000
4066000
4067000
4068000
4069000
4071000
4072000
4076000
4077000
4078000
4079000
4081000
4082000
4083000
4084000
4085000
4086000
4087000
4088000
4089000
4090000
4092000
4093000
4096000
4097000
4098000
4099000
4101000
4102000
4103000
4104000
4105000
4108000
4109000
4110000
4111000
4112000
4113000
4114000
4115000
4116000
4117000
4119000
4120000
4121000
4122000
4123000
4124000
4125000
4126000
4127000
4128000
4129000
4131000
4133000
4134000
4135000
4136000
4138000
4139000
4140000
4141000
4142000
4143000
4144000
4145000
4147000
4148000
4149000
4150000
4151000
4152000
4153000
4154000
4156000
4158000
4159000
4160000
4161000
4162000
4163000
4164000
4165000
4166000
4167000
4169000
4170000
4171000
4172000
4173000
4174000
4175000
4176000
4177000
4178000
4179000
4180000
4181000
4182000
4183000
4184000
4185000
4186000
4188000
4189000
4190000
4191000
4192000
4193000
4194000
4195000
4196000
4197000
4198000
4199000
4200000
4201000
4202000
4203000
4204000
4206000
4207000
4208000
4209000
4210000
4211000
4212000
4214000
4215000
4216000
4217000
4218000
4219000
4221000
4222000
4223000
4224000
4225000
4226000
4228000
4229000
4230000
4231000
4232000
4233000
4234000
4236000
4237000
4238000
4239000
4240000
4241000
4242000
4243000
4245000
4246000
4247000
4248000
4249000
4250000
4251000
4253000
4255000
4256000
4257000
4258000
4259000
4260000
4261000
4262000
4263000
4264000
4265000
4266000
4267000
4268000
4269000
4271000
4272000
4273000
4275000
4276000
4277000
4278000
4279000
4280000
4281000
4282000
4283000
4284000
4285000
4286000
4287000
4288000
4289000
4290000
4291000
4292000
4293000
4294000
4295000
4296000
4297000
4300000
4301000
4302000
4303000
4304000
4305000
4307000
4308000
4309000
4310000
4311000
4312000
4313000
4314000
4315000
4316000
4317000
4318000
4319000
4320000
4321000
4322000
4323000
4324000
4325000
4326000
4327000
4328000
4330000
4331000
4332000
4333000
4334000
4335000
4336000
4337000
4339000
4340000
4341000
4342000
4344000
4346000
4347000
4348000
4349000
4350000
4351000
4352000
4353000
4354000
4355000
4356000
4357000
4358000
4359000
4360000
4361000
4362000
4363000
4364000
4365000
4366000
4367000
4368000
4369000
4370000
4371000
4373000
4374000
4375000
4376000
4377000
4378000
4379000
4380000
4381000
4382000
4383000
4384000
4385000
4386000
4387000
4388000
4389000
4390000
4391000
4392000
4393000
4394000
4396000
4397000
4398000
4399000
4400000
4401000
4403000
4404000
4405000
4406000
4408000
4409000
4410000
4411000
4412000
4413000
4414000
4415000
4416000
4419000
4420000
4421000
4422000
4423000
4424000
4425000
4426000
4427000
4428000
4429000
4430000
4431000
4432000
4433000
4434000
4435000
4436000
4437000
4439000
4440000
4441000
4442000
4443000
4444000
4445000
4446000
4447000
4448000
4449000
4450000
4451000
4452000
4453000
4454000
4455000
4456000
4457000
4458000
4459000
4460000
4463000
4464000
4465000
4466000
4467000
4468000
4469000
4470000
4471000
4473000
4474000
4475000
4477000
4478000
4479000
4480000
4481000
4482000
4483000
4484000
4485000
4486000
4487000
4488000
4489000
4490000
4492000
4493000
4494000
4495000
4496000
4497000
4498000
4500000
4501000
4502000
4503000
4505000
4506000
4507000
4510000
4511000
4512000
4514000
4515000
4516000
4518000
4519000
4520000
4521000
4522000
4524000
4525000
4526000
4527000
4528000
4529000
4530000
4531000
4533000
4534000
4535000
4536000
4539000
4540000
4541000
4542000
4543000
4544000
4545000
4546000
4547000
4548000
4549000
4551000
4552000
4553000
4554000
4555000
4556000
4557000
4558000
4559000
4560000
4561000
4562000
4563000
4564000
4565000
4566000
4567000
4569000
4570000
4571000
4572000
4573000
4574000
4575000
4576000
4578000
4579000
4580000
4581000
4582000
4583000
4584000
4585000
4586000
4587000
4588000
4589000
4590000
4591000
4592000
4593000
4594000
4595000
4596000
4597000
4598000
4599000
4600000
4601000
4602000
4603000
4604000
4605000
4606000
4607000
4608000
4609000
4610000
4611000
4612000
4613000
4614000
4615000
4616000
4617000
4618000
4619000
4620000
4621000
4622000
4623000
4624000
4625000
4626000
4627000
4628000
4629000
4630000
4631000
4632000
4633000
4634000
4635000
4636000
4637000
4638000
4639000
4640000
4642000
4643000
4644000
4645000
4646000
4647000
4648000
4649000
4650000
4651000
4652000
4653000
4654000
4655000
4657000
4659000
4660000
4661000
4662000
4663000
4664000
4665000
4666000
4667000
4668000
4669000
4670000
4671000
4672000
4673000
4674000
4675000
4676000
4677000
4678000
4679000
4680000
4681000
4682000
4683000
4684000
4685000
4686000
4687000
4688000
4689000
4690000
4691000
4692000
4693000
4694000
4695000
4696000
4698000
4699000
4701000
4703000
4704000
4705000
4706000
4707000
4708000
4710000
4711000
4712000
4713000
4714000
4715000
4716000
4717000
4718000
4719000
4720000
4721000
4723000
4724000
4725000
4726000
4727000
4729000
4730000
4731000
4732000
4733000
4734000
4735000
4736000
4737000
4738000
4739000
4741000
4742000
4743000
4744000
4745000
4746000
4747000
4748000
4749000
4750000
4751000
4752000
4753000
4755000
4756000
4757000
4760000
4761000
4762000
4763000
4764000
4765000
4766000
4767000
4768000
4770000
4771000
4772000
4773000
4774000
4775000
4777000
4778000
4779000
4780000
4781000
4782000
4783000
4784000
4785000
4786000
4787000
4788000
4789000
4790000
4791000
4792000
4793000
4794000
4795000
4796000
4797000
4798000
4799000
4800000
4801000
4802000
4803000
4804000
4805000
4806000
4807000
4808000
4809000
4810000
4811000
4812000
4813000
4814000
4815000
4816000
4817000
4818000
4819000
4820000
4821000
4822000
4824000
4825000
4826000
4827000
4829000
4830000
4832000
4833000
4834000
4835000
4836000
4837000
4838000
4839000
4840000
4841000
4843000
4844000
4845000
4846000
4847000
4848000
4849000
4850000
4852000
4853000
4854000
4855000
4856000
4857000
4858000
4859000
4860000
4861000
4862000
4863000
4864000
4865000
4866000
4867000
4868000
4869000
4870000
4871000
4872000
4873000
4874000
4875000
4876000
4877000
4878000
4879000
4880000
4881000
4882000
4883000
4884000
4885000
4887000
4888000
4889000
4890000
4891000
4892000
4893000
4894000
4895000
4896000
4897000
4898000
4899000
4900000
4901000
4902000
4903000
4904000
4905000
4906000
4907000
4908000
4909000
4910000
4911000
4912000
4913000
4914000
4915000
4916000
4917000
4918000
4919000
4920000
4921000
4923000
4924000
4925000
4926000
4927000
4928000
4929000
4930000
4931000
4932000
4933000
4934000
4935000
4936000
4937000
4938000
4939000
4940000
4941000
4942000
4943000
4945000
4946000
4947000
4948000
4949000
4950000
4952000
4953000
4954000
4955000
4956000
4957000
4958000
4959000
4961000
4962000
4963000
4964000
4965000
4967000
4968000
4969000
4970000
4971000
4973000
4974000
4975000
4977000
4978000
4979000
4980000
4981000
4982000
4983000
4984000
4985000
4986000
4987000
4988000
4989000
4990000
4992000
4993000
4994000
4996000
4997000
4998000
4999000
5000000
